Frame# TopLeft(X) TopLeft(Y) BottomRight(X) BottomRight(Y)
2         8           166          51          193
3         10           166          53          193
4         12           166          55          193
5         14           166          57          193
6         16           166          59          193
7         17           166          60          193
8         18           166          61          193
9         19           166          62          193
10         20           166          63          193
11         21           166          64          193
12         22           166          65          193
13         23           166          66          193
14         24           166          67          193
15         25           166          68          193
16         26           166          69          193
17         28           166          71          193
18         29           166          72          193
19         29           165          74          194
20         30           165          75          194
21         30           164          77          195
22         32           164          79          195
23         33           163          82          196
24         35           163          84          196
25         35           162          86          197
26         36           162          87          197
27         37           162          88          197
28         38           162          89          197
29         39           162          90          197
30         40           162          91          197
31         41           162          92          197
32         42           162          93          197
33         43           162          94          197
34         44           162          95          197
35         45           162          96          197
36         46           162          97          197
37         47           162          98          197
38         48           162          99          197
39         49           162          100          197
40         50           162          101          197
41         51           162          102          197
42         52           162          103          197
43         52           161          105          198
44         53           161          106          198
45         53           160          108          199
46         54           160          109          199
47         54           158          111          199
48         55           158          112          199
49         55           156          114          199
50         56           156          115          199
51         56           154          117          199
52         57           154          118          199
53         58           154          119          199
54         59           154          120          199
55         60           154          121          199
56         61           154          122          199
57         62           154          123          199
58         63           154          124          199
59         64           154          125          199
60         64           153          127          200
61         65           153          128          200
62         65           152          130          201
63         66           152          131          201
64         65           151          132          202
65         65           151          132          202
66         65           151          132          202
67         65           151          132          202
68         65           151          132          202
69         65           151          132          202
70         65           151          132          202
71         65           151          132          202
72         65           151          132          202
73         65           151          132          202
74         65           151          132          202
75         65           151          132          202
76         65           151          132          202
77         65           151          132          202
78         65           151          132          202
79         65           151          132          202
80         65           151          132          202
81         65           151          132          202
82         65           151          132          202
83         65           151          132          202
84         64           150          133          203
85         64           150          133          203
86         63           149          134          204
87         63           149          134          204
88         62           148          135          205
89         62           148          135          205
90         60           147          135          206
91         60           147          135          206
92         59           146          136          207
93         59           146          136          207
94         58           145          137          208
95         58           145          137          208
96         58           145          137          208
97         58           145          137          208
98         58           145          137          208
99         58           145          137          208
100         58           145          137          208
101         58           145          137          208
102         58           145          137          208
103         58           145          137          208
104         58           145          137          208
105         58           145          137          208
106         58           145          137          208
107         58           145          137          208
108         57           144          138          209
109         58           144          139          209
110         57           143          140          210
111         58           143          141          210
112         57           142          142          211
113         58           142          143          211
114         59           142          144          211
115         59           142          144          211
116         59           142          144          211
117         59           142          144          211
118         59           142          144          211
119         60           142          145          211
120         60           142          145          211
121         59           141          146          212
122         59           141          146          212
123         58           139          147          212
124         59           139          148          212
125         58           137          149          212
126         59           137          150          212
127         59           136          152          213
128         60           136          153          213
129         60           134          155          213
130         61           134          156          213
131         61           133          158          214
132         62           133          159          214
133         62           132          161          215
134         63           132          162          215
135         63           131          164          216
136         64           131          165          216
137         64           129          167          216
138         65           129          168          216
139         65           128          170          217
140         66           128          171          217
141         67           128          172          217
142         67           127          174          218
143         69           127          176          218
144         69           126          178          219
145         70           126          179          219
146         70           125          181          220
147         71           125          182          220
148         71           124          184          221
149         73           124          186          221
150         73           123          188          222
151         74           123          189          222
152         74           122          191          223
153         75           122          192          223
154         76           120          195          223
155         77           120          196          223
156         77           119          198          224
157         79           119          200          224
158         79           117          202          224
159         81           117          204          224
160         81           116          206          225
161         84           117          209          226
162         82           115          209          226
163         84           115          211          226
164         86           114          215          227
165         85           114          214          227
166         84           113          215          228
167         89           113          220          228
168         86           111          219          228
169         88           111          221          228
170         88           110          223          229
171         95           110          230          229
172         90           109          227          230
173         95           108          232          229
174         95           107          234          230
175         92           106          231          229
176         94           105          235          230
177         94           105          235          230
178         93           104          236          231
179         94           104          237          231
180         93           103          238          232
181         93           103          238          232
182         92           101          239          232
183         94           101          241          232
184         94           99          243          232
185         94           99          243          232
186         94           98          245          233
187         96           98          247          233
188         99           97          252          234
189         104           96          257          233
190         107           94          262          233
191         111           94          266          233
192         115           92          272          233
193         120           91          277          232
194         122           89          281          232
195         123           88          282          231
196         122           86          283          231
197         122           86          283          231
198         121           84          284          231
199         119           83          282          230
200         115           81          280          230
201         113           80          278          229
202         109           78          276          229
203         105           77          272          228
204         98           75          267          228
205         92           74          261          227
206         85           72          256          227
207         80           71          251          226
208         75           69          248          226
209         73           68          246          225
210         72           66          247          225
211         74           65          249          224
212         77           63          254          224
213         82           62          259          223
214         87           60          266          223
215         93           59          272          222
216         98           57          279          222
217         104           56          285          221
218         108           55          291          222
219         113           55          296          222
220         117           54          302          223
221         123           54          308          223
222         128           53          315          224
223         134           52          321          223
224         139           50          328          223
225         145           49          334          222
226         150           47          341          222
227         156           46          347          221
228         161           44          352          219
229         166           42          357          217
230         171           41          362          216
231         176           40          367          215
232         180           40          371          215
233         184           39          375          214
234         189           39          380          214
235         194           39          385          214
236         199           39          390          214
237         204           39          395          214
238         209           38          400          213
239         214           37          405          212
240         219           36          410          211
241         224           35          415          210
242         229           34          420          209
243         234           33          425          208
244         240           32          431          207
245         247           30          440          207
246         257           30          450          207
247         268           28          463          207
248         282           27          477          206
249         297           24          494          205
250         268           20          465          201
251         288           17          487          200
252         265           11          464          194